id	logFC	AveExpr	t	P.Value	adj.P.Val	B
mmu-miR-153-5p	-1.58714612055556	-0.2606214225	-41.1144169629902	1.78306458316911e-06	0.00096481618278922	-24.7026594437821
mmu-miR-155-5p	-1.55078139166667	-0.265654965277778	-39.0916394433975	2.18750836748985e-06	0.00096481618278922	-24.9573268964316
mmu-miR-146a-5p	1.30947934388889	0.596775264166667	38.1823994044904	2.40634718314745e-06	0.00096481618278922	-25.0761009802661
mmu-miR-711	-4.31775642777778	-0.184416311111111	-38.0582170177654	2.43831518239581e-06	0.00096481618278922	-25.0925408664002
mmu-miR-181a-1-3p	-1.42716751277778	-0.302633289166667	-37.6604152139014	2.54434647360026e-06	0.00096481618278922	-25.1455652962531
mmu-miR-17-3p	-1.45971838444444	-0.292768748333333	-34.9958665446506	3.42491971089851e-06	0.00108227462864393	-25.5157724505998
mmu-miR-7057-3p	-3.84309531277778	-0.319288701944444	-29.4448260279026	6.89013381065423e-06	0.00143804611924472	-26.386359339009
mmu-miR-30c-1-3p	3.120311365	-0.950931430277778	28.747586680947	7.5913812518952e-06	0.00143804611924472	-26.5070557657722
mmu-miR-7075-5p	-3.39377038611111	-0.588121476388889	-28.1227158612685	8.29687334489054e-06	0.00143804611924472	-26.6177137735412
mmu-let-7b-3p	2.56970792388889	1.81900461194444	27.988735791195	8.45863068533021e-06	0.00143804611924472	-26.6417569313554
mmu-miR-344d-3p	4.20013748833333	-0.643044479722222	27.8195488900558	8.66854575179903e-06	0.00143804611924472	-26.6722813275896
mmu-miR-324-3p	4.46671467222222	-0.96226944	27.002068946906	9.77930188406679e-06	0.00143804611924472	-26.822406144078
miRNABrightCorner30	6.04433815055556	3.89376891416667	26.9472085869894	9.86002085980028e-06	0.00143804611924472	-26.8326412647003
mmu-miR-7025-5p	4.47914324111111	-0.472128705	26.2505799053064	1.09609221390078e-05	0.00148442202682562	-26.9644314668953
mmu-miR-7047-3p	5.29421828833333	-0.309004494166667	24.0413758499516	1.56333598962643e-05	0.00197605669088781	-27.406474604362
mmu-miR-143-3p	3.95652433666667	1.39619076888889	23.5690552367875	1.6936965578697e-05	0.0020070304210756	-27.50617212526
mmu-miR-1947-3p	2.02038086277778	2.13580670305556	21.333951090438	2.53143083094501e-05	0.00272440650292093	-28.006344023691
mmu-miR-378b	3.48712517444445	0.62986926	20.778972992739	2.81511913786157e-05	0.00272440650292093	-28.1385228143364
mmu-miR-6980-3p	4.44182657	-0.515095409444445	20.7101132424002	2.85302074676147e-05	0.00272440650292093	-28.1551642147168
mmu-miR-6240	4.71467147555556	0.358046426666667	20.6727596559737	2.87384652206849e-05	0.00272440650292093	-28.1642142199694
mmu-miR-28a-5p	-4.55940026722222	-0.286395321944444	-19.7913276108698	3.42510969963547e-05	0.00295182181386766	-28.3825546344108
mmu-miR-710	-4.01202587722222	-0.331663233611111	-19.518753502114	3.62175165660326e-05	0.00298558310474773	-28.4520063346023
mmu-miR-28c	-4.55619551222222	-0.289824611666667	-19.0141213342039	4.02433618822583e-05	0.00317922558869841	-28.5831292527575
mmu-miR-6988-5p	6.54623884444445	0.461408628333333	18.4246531156445	4.56772442690923e-05	0.0032836960587615	-28.7406746119418
mmu-miR-3058-3p	6.18800398055556	0.391579765277778	18.3174525246273	4.67614945076796e-05	0.0032836960587615	-28.7698540469345
mmu-miR-24-2-5p	-4.30893972166667	-0.416867714722222	-17.7435909709109	5.31425420821405e-05	0.00359850927813352	-28.9289462956627
mmu-miR-3102-3p.2-3p	5.12058551388889	-0.486452425833333	17.399609625762	5.74899068707209e-05	0.0037586504629961	-29.0267305432344
mmu-miR-3061-5p	4.204510635	-0.554169456388889	16.4306446354127	7.23531806593176e-05	0.00457272101766887	-29.3126409091504
mmu-miR-376c-3p	-1.79773372555556	2.16032158	-16.0154419222672	8.01717517007718e-05	0.00490340778144075	-29.4401987122889
mmu-miR-669n	3.31353645166667	0.597843325277778	14.8706788540775	0.00010788817445173	0.00639237433626502	-29.809209575827
mmu-miR-7052-3p	3.56770588277778	-0.767369430833333	14.3936490320756	0.000122907261416629	0.00670552131693761	-29.9711364283207
mmu-miR-452-5p	5.20316475444444	1.53417961777778	14.3874258691478	0.000123119804414676	0.00670552131693761	-29.9732828125736
mmu-miR-33-5p	3.8712263	-1.25498624833333	14.3680828756056	0.000123783357643891	0.00670552131693761	-29.9799599626638
mmu-miR-6407	6.13936176833334	1.62479756083333	13.6412671093603	0.000152283428534444	0.00762023599474945	-30.2373229323769
mmu-miR-3076-5p	4.59382775055556	-0.404935054166667	13.6313388853338	0.000152726248839915	0.00762023599474945	-30.2409287173256
mmu-miR-362-3p	4.24713891166667	0.686442003611111	13.1434536409029	0.000176603397089723	0.00858564207390036	-30.4212890766174
mmu-miR-7045-3p	3.732331325	-1.06694475361111	13.0008310831852	0.000184444916184211	0.00874268902713159	-30.4752218213351
mmu-miR-5110	4.56979620944444	1.37763129861111	12.6583479042175	0.000205115553541884	0.00948534364671738	-30.6070693184144
mmu-miR-5620-3p	3.90797134055556	0.437778249722222	12.5774405075987	0.000210412457593197	0.00949861951420716	-30.6387118817005
mmu-miR-6923-3p	4.38940710277778	-0.587691620277778	12.0880049762828	0.000246345780916199	0.0107698761946733	-30.8343485633209
mmu-miR-346-5p	-1.21162659166667	1.45195504805556	-12.0440404583658	0.000249933835741363	0.0107698761946733	-30.8522875596871
mmu-miR-7653-5p	-2.32161422611111	-0.385691565833333	-11.9547018065011	0.000257426913253434	0.010846253945078	-30.8889322399072
mmu-miR-6915-5p	5.67580904666667	0.202641503888889	11.2166360487762	0.000331339963146779	0.013656968915789	-31.2019457282577
mmu-let-7e-3p	-1.74721697277778	-0.275559100277778	-10.8574104059535	0.000376814671196008	0.0147481345421958	-31.3613549830127
mmu-miR-3093-3p	5.12471092722222	0.0561797291666667	10.8416569516994	0.000378980641537123	0.0147481345421958	-31.368457994412
mmu-miR-376a-5p	-1.78094147	1.74859526444444	-10.8259971582919	0.000381149046712867	0.0147481345421958	-31.3755283278748
mmu-miR-7660-3p	-2.32054903277778	-0.510118080277778	-10.7598474951503	0.000390480196727247	0.0148070090598972	-31.4055002883428
mmu-miR-7056-5p	-3.97990014166667	-0.601080276944444	-10.6208727600114	0.000411024085067329	0.0152804248095619	-31.4690322239537
mmu-miR-6968-3p	4.17402316388889	0.262441796388889	10.5488344042644	0.000422200201731448	0.0152898894492579	-31.5022694945722
mmu-miR-7069-3p	-3.97352512333333	-0.287722372222222	-10.5160732492713	0.000427407247263012	0.0152898894492579	-31.5174547977218
mmu-miR-764-5p	-1.94006456388889	1.64749510805556	-10.3899924566134	0.000448203956384322	0.0157369389130495	-31.5763080730395
mmu-miR-3081-5p	5.34671668666667	-0.067519025	10.3342822467705	0.00045779182317755	0.0157813326680843	-31.6025244013607
mmu-miR-6412	1.86477505333333	-0.220378363888889	10.243462997902	0.000473973095481798	0.0160473748041694	-31.6455445455095
mmu-miR-292b-3p	-1.59684944166667	2.18499783694444	-10.1967057780281	0.000482580047128955	0.0160521363045	-31.6678308269666
mmu-miR-3075-5p	4.02759047111111	-0.665043622777778	9.83695272534384	0.000555713669464105	0.0181660882293783	-31.8425293227121
mmu-miR-7674-5p	-2.48632741611111	-0.615369794722222	-9.78677998269703	0.000566974533295187	0.0182200629682657	-31.8673595967998
mmu-miR-3544-3p	5.54669843833333	0.497780543055556	9.72947726619074	0.00058018330108094	0.0183337923141577	-31.8958619114914
mmu-miR-7681-3p	-2.603548065	-0.590520345833333	-9.66393574506366	0.000595761454557144	0.0185174379973827	-31.9286516807711
mmu-miR-193a-3p	-1.40754817222222	0.489353559444444	-9.55577869458163	0.00062261756285671	0.0189578142740823	-31.9832098770505
mmu-miR-6924-3p	-3.18996385166667	0.865944983611111	-9.51758984145351	0.00063245665800021	0.0189578142740823	-32.0026087473496
mmu-miR-7686-3p	-3.07554107277778	-0.413808418611111	-9.46453596883742	0.000646447049563742	0.0189578142740823	-32.0296770526642
mmu-miR-7077-5p	-3.43593857166667	-0.9406779225	-9.45156693663503	0.000649925067413161	0.0189578142740823	-32.0363149863319
mmu-miR-7062-3p	-4.63464203166667	-0.3080654975	-9.36035627652925	0.000675051117583681	0.0191629577437374	-32.0832354872051
mmu-miR-329-3p	4.687081805	-0.862706091944444	9.25273378431969	0.000706262981600821	0.0191629577437374	-32.1391374112261
mmu-miR-6394	4.14146825666667	0.529970464444444	9.2245842280295	0.000714719480492953	0.0191629577437374	-32.153856620926
mmu-miR-7649-5p	-2.02109398166667	-0.407847736388889	-9.22233254783609	0.000715401309708644	0.0191629577437374	-32.1550357720599
mmu-miR-6345	5.3367856	0.615706982222222	9.22211941462561	0.000715465890044434	0.0191629577437374	-32.155147398387
mmu-miR-486a-5p	4.03805073444444	0.408269563333333	9.21508891349425	0.000717600210867804	0.0191629577437374	-32.1588308659216
mmu-miR-6931-3p	3.25723118611111	-1.03205363694444	8.99608063657066	0.000788213043349812	0.0207562768082117	-32.2748715327195
mmu-miR-7648-3p	-1.39545554611111	-0.785199386388889	-8.70168617514048	0.000897218472214852	0.0229921581218326	-32.4349456696861
mmu-miR-8100	-2.40140185222222	-0.711483090555556	-8.67390951795807	0.000908438785107841	0.0229921581218326	-32.4502995926226
mmu-miR-9769-3p	-2.02985091055556	-0.136915291944444	-8.64228409327723	0.000921425638902814	0.0229921581218326	-32.4678347934906
mmu-miR-7080-5p	-3.41346281388889	-0.839585151944444	-8.64179906947626	0.000921626591381474	0.0229921581218326	-32.4681041702744
mmu-miR-7672-5p	-2.33452210333333	-0.544672210555556	-8.48367868838618	0.000990127075803343	0.0238884494076058	-32.5566526917621
mmu-miR-7241-3p	-2.97610729055556	-0.471071890277778	-8.47494087233726	0.00099409277702726	0.0238884494076058	-32.5615888480959
mmu-miR-6998-5p	5.09024549333333	-0.398131277777778	8.47217523849785	0.000995352058650241	0.0238884494076058	-32.5631521534952
mmu-miR-678	3.01045901944444	-0.907849878055556	8.35966632201601	0.00104829346310044	0.0248445550754803	-32.6271382568923
mmu-miR-6907-5p	1.44841655611111	-1.90503739583333	8.20347466201486	0.00112768497243748	0.0263961815770551	-32.7172498314202
mmu-miR-7b-3p	-2.44267806611111	-0.406753381388889	-8.13524135011504	0.00116468976522438	0.0269298999373832	-32.7570940582861
mmu-miR-6909-5p	1.49956028833333	-1.86110073861111	7.91616555914588	0.00129407994238511	0.0295611514549659	-32.8870472429098
mmu-miR-298-5p	4.73723061277778	-0.278318308611111	7.83562953664557	0.00134606724028042	0.0297398841527542	-32.9356164635355
mmu-miR-290b-3p	-1.96498607777778	1.78645051777778	-7.81674311326714	0.00135862942214011	0.0297398841527542	-32.9470696965879
mmu-miR-7085-5p	-3.409635815	-0.625179184166667	-7.81434868111721	0.00136023236904952	0.0297398841527542	-32.9485234744898
mmu-miR-222-5p	-4.17250687611111	-0.299818088611111	-7.80777280647952	0.00136464658295866	0.0297398841527542	-32.9525180190915
mmu-miR-7211-5p	1.65165268666667	1.65189164111111	7.70233672816052	0.00143789520824159	0.030980105850296	-33.0169705735202
mmu-miR-5103	2.57799617722222	0.519983280277778	7.6115106195369	0.00150491393396977	0.0320494840504076	-33.0731119413635
mmu-miR-496a-3p	2.92212562166667	-0.361503665833333	7.58006284249102	0.00152901216646883	0.0320494840504076	-33.0926862422151
mmu-miR-8094	-2.263575975	-0.544413633055556	-7.50053576506055	0.00159210824933408	0.0328112743558416	-33.1425030872761
mmu-miR-466g	-1.34101983166667	1.51627789638889	-7.47530885939597	0.00161279039704019	0.0328801139009483	-33.1584011327601
mmu-miR-664-3p	2.44953466777778	-0.0848727505555555	7.35375903934052	0.00171720945940821	0.0346364801599783	-33.2356575856017
mmu-miR-193b-5p	-1.43058839833333	0.459495621944444	-7.33063292900673	0.00173800915445946	0.03468700375637	-33.250480837249
mmu-miR-767	-1.47527674222222	-0.907360286666667	-7.27030818367407	0.00179374327042741	0.0354264295909414	-33.2893373932918
mmu-miR-24-1-5p	-1.76325096388889	1.77165902972222	-7.17389954817092	0.00188745997135333	0.0366562146644785	-33.3520138051404
mmu-miR-3077-5p	4.31643769666667	-0.485366135	7.05640935788902	0.00200995970918645	0.0384937738244192	-33.4293748450151
mmu-miR-744-3p	-2.82654512	-0.278956574444444	-7.00751449288982	0.00206381147268347	0.0391298655220787	-33.4618925287455
mmu-miR-483-3p	-1.66734026166667	-2.48825796916667	-6.97529974041654	0.00210026343268768	0.0394267274096617	-33.4834222865921
mmu-miR-1943-3p	-1.40565797666667	0.418487851111111	-6.76737084087625	0.00235559348005289	0.0437863258645126	-33.6244388855943
mmu-miR-124-3p	2.81706369444444	-0.416649823333333	6.6760776947961	0.00247968935800556	0.0456455439104713	-33.6875044018592
mmu-miR-877-3p	5.25719747333333	0.693178163888889	6.65853658207087	0.00250444508061658	0.0456579603158561	-33.6997041428982
mmu-miR-323-3p	4.91429628388889	-0.735337603055556	6.60151858862246	0.00258703891638811	0.0467145312902082	-33.7395453281798
mmu-miR-7a-2-3p	-2.888014285	-0.176712680277778	-6.55506810254033	0.00265680836307152	0.0475217797772038	-33.7722140844636
mmu-miR-8103	2.33806827888889	1.87477928166667	6.51904318740263	0.00271251378740276	0.0480647302889311	-33.7976826598956
mmu-miR-6906-5p	1.70453208888889	-2.04140133666667	6.49460078612694	0.00275112660451944	0.0482975559460079	-33.8150289883779
